6
55986 859
30154 51974
17050 6146
51699 35031
45967 44809
21730 39334
40670 10672
4666 44993
18608 5572
28571 43123
55833 19054
31283 15883
33506 53151
42149 26760
38780 7600
10045 2078
32895 49254
22032 44823
1660 39567
55457 54389
25582 27862
4505 6751
50831 5489
38160 40412
22220 47682
4277 34314
49488 21853
32865 36047
31554 3508
8191 5919
41461 6256
43857 10758
32203 17921
6145 43518
27407 26769
15356 17452
28873 47269
13469 52141
55758 53348
17296 31466
51594 40688
39624 45157
47453 16770
46014 54665
43172 53116
4975 32937
11590 22395
33362 16215
4772 2798
53632 7935
4169 33483
43923 9128
13779 44859
37177 45044
44314 17229
29253 24319
1629 9692
15653 3812
562 27179
40791 10459
28508 51991
31566 39120
48368 22368
52244 17405
22436 6882
3237 20235
54675 516
49140 28877
24526 19951
32532 37528
49057 14329
22246 10204
8212 50569
3311 18690
37598 8249
51507 20861
577 9854
45162 10036
50583 3527
38251 32030
53075 6499
1289 39121
11547 6879
46253 44936
31491 5436
25349 2154
45406 37138
19880 51346
43687 5566
50643 23528
17684 21438
5734 17402
55079 54159
14674 40770
36865 3252
23773 4380
32252 35465
6569 27589
54799 12677
2784 49574
32036 19931
53156 39786
7915 2459
21798 10786
5354 54355
30481 3316
11599 32701
42170 54336
46191 11772
27282 50703
38239 53970
27183 15483
21867 30408
10943 2897
38511 23031
15799 14111
16801 3651
15290 9323
21960 38825
48528 12313
20361 2494
10073 6333
25158 4802
17896 9775
26064 40966
48820 28523
29786 44398
18492 46389
33733 54716
40557 28568
4944 11326
11526 26572
51573 10288
35896 12950
7119 38603
2432 32778
44488 48953
37080 13387
19659 6279
8036 39747
30469 34865
13200 54381
41709 23252
45221 13248
20269 5319
4451 18472
7829 11008
34597 3611
17511 51086
50089 20367
28981 36403
37335 11791
15653 31356
14342 13835
10040 17947
17423 21191
8706 12106
34008 53787
12170 26298
39402 9158
5726 33658
48808 22923
13366 24519
25933 47857
11805 49860
39886 5567
5107 10151
3165 39498
21873 3019
15353 31263
43794 19924
6130 729
37894 9853
53219 49217
2775 11338
42164 49034
18773 2983
19094 1578
31737 41351
14467 51234
35516 31134
27019 2823
8727 18011
16963 6861
13504 41803
16948 3371
23063 16579
43040 8805
44231 7045
13381 23489
55013 40186
21317 3347
40112 31055
52423 19355
38265 46043
27737 54440
28191 49995
33793 34924
1427 54198
47499 43795
13929 18169
44697 15309
7778 3072
12030 44640
13125 10175
37928 53893
18980 39973
32683 53285
71 5925
2324 22702
18548 47385
11850 12725
3329 1090
51786 13969
12888 36725
13699 34071
49754 22011
23001 37796
32318 24350
38208 13495
24096 30248
50394 55298
23555 35824
52135 12159
11589 17177
47681 14606
46726 52223
20177 24095
21574 14791
39729 27320
17134 52631
11000 4216
3294 8834
13208 52594
20056 41893
20144 25392
9058 32812
11000 41816
54386 39914
19249 50957
1782 37174
32954 49307
27826 42417
2378 29344
26994 5043
15033 32863
54164 33209
10043 1780
33392 37861
454 32990
51516 2469
44967 44147
38884 1942
5774 45867
7757 46697
47705 38536
49060 5075
17466 16130
48426 44111
26517 17072
55936 22310
51956 51773
16236 31818
24634 44337
24856 24899
52955 52761
52564 8589
30450 54599
19709 37467
33105 24403
46400 35915
2078 35746
48130 24515
32841 32641
27186 11503
960 32856
27884 2844
14641 53531
53306 14826
28967 1276
36993 8259
17034 34784
45433 34831
3463 22400
42669 39813
29068 52622
40820 18311
33308 10209
30538 9485
55576 30943
3820 52772
11779 5127
13903 16407
6494 49112
26418 48872
5499 12493
19721 38029
55349 51148
50296 44070
8446 39666
16392 19874
40452 37066
52093 4446
31803 25343
23228 45717
50406 3419
28030 26431
31390 38017
25664 31317
555 53784
41979 17922
299 51645
41470 848
5154 17539
53662 21155
53255 14374
55592 9348
18025 41486
8009 35882
9690 44588
55729 47714
29606 8750
37874 16006
51899 52766
989 23413
2949 23856
26143 10922
2692 24480
42029 30601
43800 1864
55630 23032
32377 37467
33173 50463
37724 27970
1047 30504
22261 9188
7287 21300
10821 29119
50645 18032
49275 38597
5519 49066
11354 31904
49593 48613
17453 22721
25194 55020
50311 31342
21727 870
40285 10978
5845 33004
55065 6118
35247 53428
29209 3143
42983 34045
25529 1033
2384 19103
41457 18524
53326 44417
47783 27046
47606 26812
37460 53890
51851 40541
15063 4746
53897 24895
8439 19906
23596 12479
2662 36783
33110 41837
6315 16493
33416 36298
4039 27235
42621 49582
7967 42087
6366 35166
15948 19927
44001 44554
40649 44317
40715 5958
54526 51069
53033 27126
52635 12071
6578 21981
7545 18912
7799 38688
51079 11064
21564 15721
45194 31023
19001 13146
48564 18638
55795 48516
34424 11470
53620 18201
24646 40046
50655 5760
40710 12656
18228 43594
51899 23824
13902 37110
21531 14679
17367 2956
16406 28186
43970 12478
30184 54971
27560 6931
3957 46513
31160 11473
33951 13641
1941 10099
51327 37998
36299 6275
18399 10062
3697 28625
29256 4306
34145 47005
10557 32070
32623 55892
7859 40033
29621 36538
54775 20689
51495 15917
4535 29120
14136 29534
921 26922
24903 27672
55939 18030
5142 50107
34432 6192
52558 47822
38561 32646
16937 3345
41967 2573
12084 18082
26095 18739
46463 33627
48270 31068
16864 9857
28814 4626
11354 7546
26448 49338
55912 43599
14217 19841
26279 10393
15227 2436
26481 20069
8873 50794
38245 26541
17837 51725
2809 27066
34549 45517
43746 36021
52806 3536
50241 42998
15698 48730
22723 24076
15293 27952
39557 25606
9160 37892
15494 8031
32261 1468
43639 27258
9935 31482
21920 40610
12379 3370
28425 47470
19661 36588
45867 17256
5749 29022
19680 42901
3243 28188
9205 43479
54298 16335
22516 36187
47133 32412
1648 1717
48925 16273
24182 22101
40291 24452
9687 24050
14286 21567
33140 12184
7721 3969
49416 43436
13286 22019
27171 48919
5543 1749
27994 17454
51777 3596
17803 11882
9705 9457
43902 16664
21645 42334
21649 2326
16416 51232
16102 27894
33909 53729
49704 20115
18827 39181
54206 48399
37421 13287
5878 13414
11535 9707
7643 51387
30711 45874
26427 34483
41048 40057
50496 36369
21514 23440
8678 51917
12044 49149
16774 12737
25277 26758
53728 34972
47920 34561
31048 9829
31073 30614
55774 43759
42181 158
15664 47520
14941 25881
35623 6850
44054 52045
33727 12155
41931 19647
36791 22948
51352 29531
51319 45901
36001 53093
45553 15511
52719 21461
12640 51832
20296 47085
32767 15417
49634 6205
44525 34340
31001 38793
55523 45850
43334 19081
55157 49032
721 26549
36272 28460
9959 43515
3635 54301
5606 55454
36990 53704
46173 3019
4511 11941
32004 27310
50463 2081
13562 22978
36320 50864
8766 22868
19868 17654
28110 26759
6462 12397
17950 35006
15094 1830
49849 49010
18498 28360
44558 32618
40818 22896
4009 7137
3635 49337
47642 52166
18740 10486
30555 23411
30857 38921
49960 18616
18355 678
29861 38539
18824 48353
3856 38924
24638 19410
27914 20692
22636 23256
51088 21847
10557 41622
11051 25506
24664 5074
6788 29835
14285 31408
27847 11220
27515 5095
35339 13091
49835 1392
41362 39636
14127 22809
51666 39511
3446 40625
42277 43048
6497 48710
27241 4968
1816 54256
537 38627
21023 17421
55771 37012
27736 40911
31824 870
41518 22487
14193 39612
320 14048
19091 36288
9562 4969
34834 14455
34589 2191
9370 24567
21221 22758
12370 24820
44365 51950
49704 31000
9857 18494
41398 27666
15159 50316
21148 54632
36521 10508
27365 33576
45745 16939
15363 6519
18913 3535
53455 21025
32025 50792
34184 39536
21532 46183
16583 6802
34975 50107
21299 28913
24156 41118
22662 28082
53387 5016
14618 11819
36871 17091
49431 27861
36398 20606
1349 21140
49529 48013
51663 32727
54241 37218
52354 2021
33986 44798
18974 35799
26994 10455
10567 19434
45341 49475
14569 44034
17915 129
16729 42494
4206 45959
35093 54135
37538 32914
47372 40710
12343 4460
32272 40128
46885 20248
7778 30849
48312 32728
21777 39778
31660 27938
40629 24669
3551 48213
38133 32611
32916 2840
8301 44525
53578 47598
29607 33376
36200 30724
9552 29643
2094 46422
10096 34347
47175 50699
29885 48672
3865 29342
52486 45949
55457 30604
8615 31760
1304 20812
15589 3917
38995 24618
35599 5558
37144 48038
2368 51551
42954 44940
32207 3312
5965 3267
47489 40217
25532 38687
10139 49134
33751 7820
16054 37093
46822 29233
501 49604
142 54470
27491 28336
19257 215
4442 3017
34232 35849
16640 30959
20251 24761
8430 24896
15844 5834
20452 42913
20472 51318
47815 10948
29266 12847
21795 28458
43929 32661
33454 10677
33439 39991
20712 46776
24264 10367
38405 11339
16901 53350
38741 50376
43771 20389
18965 3371
16897 39567
10542 15611
11539 30774
37930 29532
21860 47907
34202 54630
19988 20997
51322 37171
27013 42414
39022 20730
17047 23654
35720 41761
29950 49413
4262 21901
29101 8833
27585 46456
21275 23390
54134 52525
1525 12243
41780 28933
16101 2272
9321 26222
40066 22375
39923 51362
48956 33331
26217 53123
7934 46922
38331 21319
46736 44198
39895 29887
16197 15127
40033 9708
48862 24782
33475 13169
49539 22951
18432 49903
7715 23466
30487 23092
12739 45961
3840 6308
27579 38083
50705 39261
7296 46254
18465 13055
23662 17396
39937 38238
30603 29560
1355 52651
47175 49988
828 44809
45577 2401
43875 9298
32673 28571
28102 7658
34477 30222
36593 47792
40097 54825
14988 30412
45724 10593
13794 48788
11530 5456
37114 9133
31704 49504
55101 26660
48536 14815
24409 47243
11829 6144
53652 922
32012 19457
47522 3865
29609 6631
637 9707
45029 22240
37069 32168
37368 53071
15748 20149
19518 14632
12053 16762
1495 38318
18644 31822
31865 13561
51375 5353
15375 2740
4191 43405
44196 48734
11562 22927
36601 4717
26465 33654
40501 19271
13696 35628
44222 51169
9565 10762
17857 41675
45880 30643
13828 12672
10177 24295
27467 34309
31576 44206
2344 8042
21514 12180
133 22587
36258 28105
4555 16255
17107 12081
30890 16667
493 36184
27776 47138
41418 17041
7078 11684
28571 52761
18289 21484
33042 47006
34525 28712
26214 23501
29974 12917
25265 30660
37104 27454
14271 39199
40362 31076
6970 17393
37900 46923
13050 27503
17615 55234
21831 11957
48117 15481
55945 52708
53006 41726
29597 55672
47620 15672
41364 15401
53517 15315
31850 26083
39153 53317
31483 2520
46260 23052
35696 55848
34981 53858
20850 795
40339 25032
5040 52241
38654 34664
26041 35552
9561 38152
40444 33051
11246 28877
10842 37366
49640 22392
31593 2182
3423
56341 285
42120 1564
21918 19186
52637 17000
45435 17784
49257 56250
33566 27066
10868 37764
2704 21922
34580 32480
10179 44170
43199 38194
55159 35858
48360 44534
8580 29422
13949 7420
47645 3814
23660 17562
37258 19812
33345 44408
14716 15688
48867 16972
3874 54246
1950 9158
1950 2538
4589 11036
48971 1530
40391 40164
20774 34452
18668 31998
50063 17580
34879 7336
45071 18978
47671 21014
2834 44612
10634 11878
21580 31588
38831 26834
38974 49172
16796 27686
21099 32688
26741 53774
24050 10736
45591 19766
44655 35158
14274 5260
6630 54924
37245 21566
40963 50718
10062 5372
15301 3198
4914 24892
12623 25144
20527 53288
29523 17056
15795 37892
33371 34084
33319 31292
3107 6896
11024 23548
51103 55060
11492 426
35269 168
4511 37504
37739 35508
47463 52176
16471 16688
51220 854
10621 49294
5915 25322
46475 48874
14378 23290
18811 49742
28301 55754
25987 11172
50817 22954
44161 46206
9269 30772
8216 2168
1053 13590
49816 46760
34515 23894
17628 52728
24609 49616
47684 10438
28132 33088
4485 20432
55861 17452
26208 26836
32474 3518
23842 17806
31096 12560
36959 10058
10504 38248
50518 15600
42497 3576
54301 8482
20293 39008
41327 52044
49270 26708
3419 19258
13039 14200
10309 47068
17355 6872
10699 172
15691 9532
3120 35494
44720 24522
55029 35710
36361 40500
13871 21986
39377 2844
40300 35096
15795 20698
20111 50218
22477 9814
50739 35932
20761 35154
91 45308
21788 45040
53560 55360
26780 10866
36829 55914
31603 48174
30901 51560
12129 26032
50635 2854
42393 41200
9321 32498
44057 35474
6513 36108
42380 56176
46852 41736
5603 23776
48646 19498
39143 14392
24557 36912
15782 34154
47905 540
11362 55188
13052 8784
40443 31018
35451 20140
54951 19870
35984 42046
36608 39202
6786 14416
42783 49116
21502 54882
51363 55188
18148 10442
45539 14972
27911 19362
52286 53408
21073 17610
3926 53136
19929 48682
16835 24562
37570 10624
28795 5602
34970 744
40157 22360
52923 19266
26195 9452
28639 17254
32877 25048
6357 5474
39000 32402
22620 40610
234 30522
21528 31680
49673 16960
24583 21050
21216 20282
23374 39034
55835 46092
54132 45912
12818 7172
15041 14578
12662 54500
8268 28868
9360 55032
11076 4906
24492 48510
27534 17468
20631 41014
10140 33266
40404 16334
5031 22440
30589 18578
27261 43842
9802 56200
42497 54258
36374 30960
53729 36168
34996 12396
48282 55970
48347 1594
54639 51240
30342 30618
27508 14688
1092 37280
21619 27338
40170 20668
23556 54952
35854 23280
43329 30870
7735 3624
8944 25184
34814 48428
17108 36880
29003 47010
8892 28086
8814 20486
46566 27860
34671 11654
16484 15628
16523 48512
41236 17396
19331 23894
36179 1074
44317 16778
25376 6236
5239 10292
49530 35532
5278 32158
41912 35808
2912 47190
47333 25838
48256 4814
33592 45204
34996 19652
3315 54160
42640 21574
25363 52286
20670 15050
9867 47782
26663 53712
46787 29540
34710 10344
36998 52434
16601 44296
663 5612
32201 40466
7644 4214
50778 30332
14066 31922
36426 21410
16289 17908
14170 46370
41470 10358
41132 33522
44759 52330
12415 8158
34593 33836
24258 45710
26975 5202
34710 33478
1469 19164
32370 22838
23608 55430
32890 50858
7956 43512
5265 49332
32318 12936
44642 31950
13988 37520
34489 44692
29081 48228
702 13882
38324 9916
38038 26584
39234 55456
40885 24036
53937 23890
56173 46010
7150 37350
23543 9772
38012 20218
36179 4376
50661 8672
43797 20502
43277 22326
29445 55488
31031 2850
48035 53502
22396
85145 883
68001 16770
53439 22252
35496 36418
74841 21924
66567 7296
35931 11734
42750 27672
50589 58634
35934 84786
5151 81658
9399 21398
2319 75840
2949 6410
78624 20414
34251 18296
58665 38716
57639 26050
52359 52712
3975 52818
46023 77836
16569 74554
60618 48416
7899 58330
20556 72052
5673 84188
18888 79800
29190 20812
77394 34900
26742 69442
27246 24030
13647 3624
42333 78556
28086 44768
8364 46062
19608 56414
65619 10612
78525 43740
24108 79782
80223 37708
3072 66256
34233 55894
35001 74568
31533 66536
82638 4988
7953 77842
51381 61904
44355 36392
4119 27966
64383 69356
67839 63352
20883 69080
67926 55548
67899 40494
29214 35908
36660 39236
44271 67944
20052 39780
69873 37576
76470 60072
72363 2082
62058 68776
21549 64036
62061 78212
5220 708
44529 38406
25389 50514
76431 29442
64095 77342
79971 17792
58389 21238
8922 40328
80115 56664
25104 5228
26643 33690
81201 70828
28632 67388
53097 68498
83319 75070
33543 49894
13395 8180
51624 15928
52548 72352
44283 48260
9930 68146
26670 75166
41970 29156
41031 24496
83481 41504
20601 72460
1341 42534
49002 63600
6888 41806
43095 7204
64275 15936
79740 48694
70596 82780
39756 37940
61005 40108
21777 46592
81702 49652
69420 62878
24996 65662
82035 23908
76608 69632
35769 31538
54783 17762
14241 9338
79113 38362
6630 68100
12225 3126
59967 12014
9870 18156
18525 35862
29442 5316
24864 23944
1284 60240
46650 62864
68475 38464
34044 13048
9813 64460
29448 78802
42765 83140
56283 34102
33183 63490
37749 10602
62832 37958
7590 10974
61653 29292
55545 57992
68304 57548
59994 75406
7533 53006
52587 14272
58716 12614
51735 32108
32691 72626
83262 67580
37665 51404
16887 6100
54363 55166
84585 348
9597 44766
24990 54782
26001 83882
45837 35262
68943 56180
42285 16908
55200 53032
73635 75184
13791 74122
62610 37976
31920 76622
82224 23432
52956 15942
37761 59416
57885 78820
7824 38852
50769 28622
41385 31010
80469 21664
82407 66468
27468 852
13524 19630
84768 59642
69066 73494
62832 2224
59058 53276
19068 28870
48204 37556
32934 18806
33438 44690
29532 59130
46374 35826
22059 70854
41262 37752
26244 52500
68280 1136
71424 78226
40119 73534
48804 46402
53664 9244
21114 57004
71676 25868
21429 77368
7074 54106
2634 72020
726 78438
15207 65308
72240 51822
37701 65266
77637 42926
42012 24138
5574 5640
27759 19206
4884 59742
59214 67404
39099 20548
83670 8628
9408 58722
79194 76094
73854 48770
13332 46814
35769 83106
63279 12962
66951 81182
71193 24618
61170 20604
46371 56508
40380 14164
59598 18464
6249 35794
63393 65836
55116 17530
43215 10196
84462 5524
50823 78858
26982 46048
77448 14264
37857 4430
67551 34612
29625 17906
36801 59234
19245 19050
35100 43586
9540 9450
56475 23424
84948 73896
44838 27194
49989 48386
7452 74014
26433 41078
69414 11486
57894 29680
63837 11106
70386 2726
53832 32568
58959 81438
1416 15336
3381 28900
9759 15398
73779 69866
15669 53708
74916 35188
13530 38864
44406 78022
5289 20608
49230 78108
4989 76214
38178 66124
71196 14200
3213 10390
22905 49418
25905 67292
9975 83608
35220 72310
1707 44222
50937 7374
39216 56210
59340 59482
80322 9206
83433 81740
6402 19278
5919 35464
70620 40870
17358 66254
13905 38472
51024 21242
1710 67832
44121 19820
1287 3288
45072 24378
75090 61640
48615 74374
10059 45794
40020 3118
41967 80374
25470 6878
27084 21924
33267 80792
79320 706
28584 2354
2550 60280
71304 39484
2592 31954
57333 70404
18105 49704
25146 8998
13590 24406
25185 52464
31365 32662
2625 5392
27510 62284
73503 66636
34827 44104
54126 38768
30933 42296
27177 14628
20400 81224
65268 32828
57264 558
81681 79764
369 16862
77418 45424
2079 42404
79518 18952
48663 1272
59493 62572
46206 28494
73560 41800
16734 20164
25914 55186
70242 22004
68037 74844
49959 72876
79128 81594
5595 70498
48519 76540
23097 13552
59142 1596
70863 54834
65838 10386
57414 84886
16944 62256
34248 5440
5211 34288
70968 41738
49779 22300
7554 81172
77052 62968
69324 23538
64290 72088
47406 31812
29700 82716
13614 3542
80298 49492
71991 60284
29565 69426
45357 58752
80466 76830
22398 61922
42696 79836
12156 29874
70767 8782
46923 62866
35622 5578
17736 53236
34218 67062
64776 53174
2346 45554
44754 69556
70914 52280
54288 18816
27237 74608
5769 30010
23631 52930
47199 57838
6612 7356
1047 62908
72132 51042
50811 31292
47931 41818
41400 73136
53844 28940
85050 22062
25938 46076
79422 81146
67470 2618
82305 77472
71526 46768
12666 45924
19179 75222
35022 44378
11445 13820
3315 61358
51318 38432
44166 54576
18237 23174
81015 11134
66447 15674
52893 166
75171 22488
915 31104
7998 73838
11688 8412
15930 29934
74529 12964
66687 55694
20226 34206
15336 17026
65373 860
64353 19670
50928 13334
82746 58454
25164 20536
29496 48726
61551 14878
37293 59552
25392 31122
25443 11212
7338 30526
71793 35914
75837 67294
64455 82780
76914 69442
804 9034
65565 48300
79248 15468
22302 68848
51513 2884
3030 15912
74511 6728
6123 59292
51876 56598
13590 64950
83229 64190
35196 81508
42804 82628
63639 25452
84834 50900
26217 68534
33213 68906
82083 72330
47883 65516
20796 3290
41742 49902
13491 69176
20691 28
42441 53816
14172 25522
53586 52150
9054 45594
63669 26338
36159 23872
9018 78370
44073 39432
45576 64616
45273 30662
66288 73326
14358 28258
53571 49790
4347 20086
71394 4994
65700 47186
8595 63392
51381 31146
68703 61088
70536 16986
80532 53362
81552 21750
41985 37828
16224 27426
66417 52212
48897 36686
77127 81162
68097 2394
34677 45260
23784 16956
26832 22370
40056 15392
7536 7898
70074 46490
83379 2312
42249 54678
34947 14262
18369 82782
66669 542
78771 68152
1929 55386
42939 77978
63777 74376
70536 7632
81243 64832
38595 30894
1632 47694
3153 84470
28401 7044
49236 54970
36141 24548
73917 23832
55791 79802
34224 36512
47562 28972
58332 55026
40107 51136
71334 28172
62625 78084
78351 57038
64383 25806
35718 54138
78765 11234
8199 78422
69750 69636
22551 37630
37704 20734
12888 72566
69666 16016
525 46412
70647 36244
64413 27978
30828 54456
21672 26736
47997 61754
5376 71834
75351 53798
6093 8488
78042 55872
20385 10520
71154 55160
82530 28384
24411 24100
61284 82634
39603 65516
27744 9632
60795 67208
84867 41688
6672 29018
31038 53242
64527 37204
4752 38978
138 65606
29808 30366
83892 56104
9147 57686
69741 44242
73563 84394
43665 29308
77772 78076
19560 66156
39687 72076
81429 25976
60282 41912
19587 78744
32790 59298
73926 45750
36081 58036
16602 20336
44679 19720
63858 47828
12450 32480
33546 36282
17976 73022
50001 47722
54804 16764
48900 76930
52623 49460
55236 50554
13848 61450
28569 60322
49434 66462
77892 4994
73155 17480
15180 51278
36591 18798
55791 53994
21321 570
41907 34798
23601 25322
27510 69218
73737 7368
77190 16080
56502 65864
23079 14676
23697 45570
56376 60064
22332 38622
29322 36640
22452 80198
21630 44686
74274 24974
52383 16284
31032 55086
74421 38688
15246 63606
17004 15256
39450 75310
19026 5908
14469 25918
55377 34510
35877 9504
29013 23586
50079 5360
80961 36452
36060 44716
26739 35406
66471 54388
41919 38036
84681 60984
20889 12552
50934 26756
14136 7086
75753 73334
46908 57812
84339 31850
64911 340
10626 72552
52200 15362
79053 66208
57624 36202
8085 64894
57396 58146
59109 1700
18222 47634
39270 8680
73410 35648
77223 40880
61176 67864
78468 13550
18423 25358
60339 51612
55146 6496
51912 53546
67146 57084
25185 62888
45102 20554
37491 23916
81828 62076
51093 52826
72915 45660
55065 26620
14079 84870
78636 16666
8307 50104
77202 63178
63135 59858
60906 37932
49158 15110
2079 62758
30786 42460
23094 9270
63651 76048
26388 45222
83988 60066
65706 84830
51363 57966
20763 74800
56502 47346
19680 62654
25155 31730
75000 76316
53835 22888
7380 5004
41598 22040
37869 3650
52437 69258
31164 6254
19956 3758
20616 2968
50295 5068
38298 36242
22629 54756
53937 25740
83124 39884
32853 80504
21174 52098
34272 32324
12054 52462
5826 79616
36297 82574
54024 45504
25722 808
4665 41630
17235 68526
83520 20106
71682 66918
44550 9172
186 44272
20481 700
49929 51308
32853 80270
7260 77892
30837 6090
2709 73464
60789 7212
5346 77074
47937 14688
37398 15266
39525 36978
79098 58128
6876 46882
50553 6410
41562 13984
13476 500
5220 33436
82185 6296
75036 48270
9792 45712
72873 78684
69165 53086
20469 58764
35538 51786
45264 62916
64050 60578
78642 51866
61572 40992
76719 31156
4257 78024
31515 62898
2388 12070
4962 65860
62619 50666
20976 62136
17106 11170
36474 60500
79845 68950
71349 72886
35652 52578
34341 3216
23274 54704
14904 3130
33792 47034
62022 67386
6948 29284
71289 84844
21513 31102
51081 20474
8466 14880
22494 13984
43452 76400
67362 15040
14802 2572
63003 64596
25527 27224
28452 54880
12381 358
13899 30712
64287 63290
39150 77324
83736 11914
45171 61678
73326 47754
42867 4710
83040 39998
7308 53252
3096 6886
49635 67174
60483 11962
2565 8152
44613 25374
68331 26164
76323 61868
64980 21056
5322 29744
13512 14468
20832 32630
79500 11244
39942 9388
2964 29984
80403 28330
74115 58800
7323 74580
11121 28706
7404 24864
27069 79836
18789 41030
73059 50726
85110 79722
38919 24214
35721 5280
59046 25644
79539 46770
42876 63838
6798 67412
12273 7328
21714 13924
59745 13514
53361 44436
82299 32558
33198 37006
5052 2208
29715 42450
20301 88
30813 21806
1158 24028
60390 74052
83643 46782
67575 69060
73284 57984
68511 62204
9666 24248
83829 73136
50523 29812
69588 81422
81327 13354
79428 52264
13794 19128
11031 18850
37755 75486
84405 64434
45159 44442
30852 26208
33402 58156
2694 33000
9564 38316
15459 63780
43296 76406
3279 56424
34569 68784
24042 35136
41166 18382
4977 57296
59376 18676
11892 10336
49962 67092
4026 77048
12948 34678
44139 47598
48849 54734
20583 12340
21723 72660
38967 73740
29232 71988
19506 31102
48399 84836
74664 48708
12609 3086
25038 34140
43044 48312
76233 82228
80472 77628
33666 56600
46743 48040
2208 68284
63711 20558
51666 38048
79515 43410
56769 42348
37704 57154
47094 76944
71076 12922
17016 52096
71070 48172
61080 54098
64029 80746
15963 78218
44769 58530
28014 33810
216 7614
43974 5380
29220 18174
32148 256
85137 68890
73968 72900
36852 37516
17166 9608
34968 62398
57879 9068
43599 19194
50298 764
48969 69236
43125 67408
83571 9834
38208 81706
6528 25742
28458 48140
19962 26824
23124 6008
5916 43774
70884 12904
43782 50206
15729 74374
12288 78300
35025 78954
17256 17650
65208 180
67662 62610
15153 58996
35220 39928
56397 38878
5871 42102
72015 15206
42882 6340
43761 81122
65631 68818
43806 24736
58656 57648
39807 56494
62517 56504
16881 71780
62157 44738
78585 50460
58065 77420
74148 6532
7686 63186
31622
99915 1216
3628 73156
57185 30312
47443 65372
26849 93748
65010 23472
75081 55500
18562 84700
87424 37252
58868 19452
69018 73956
40663 47576
11972 16448
81753 83236
11886 31024
40051 44368
46138 31440
81715 72956
75010 8152
91057 14456
16471 94780
15181 13176
45261 7552
35866 86484
60915 52832
1499 88520
38088 86692
28483 66896
38410 61140
76055 30700
52324 29844
88182 58744
42847 40080
17767 94368
15850 66332
84933 41032
2427 30316
95119 97500
62236 81224
72676 80800
69060 44796
55911 9924
9227 72040
43130 71872
94337 52544
92886 97124
31467 27456
93425 10684
24914 51340
21608 13856
38287 30220
39433 24144
16791 28956
27215 51536
40575 57640
10108 85536
37732 86480
84118 77732
72932 26716
57236 22384
29784 51712
41637 64476
56865 13780
9938 18488
94489 73560
31480 37044
12617 13068
3288 22380
72216 88460
30981 49328
47174 11428
12396 66804
3787 29824
56189 1464
92906 24084
85770 9344
61112 53876
38501 24316
61474 77512
30080 31740
23302 32752
24905 34716
99666 12608
33110 93956
95821 50212
96086 67268
1508 18120
93562 66088
15148 17720
63645 25252
89147 87008
61611 6868
33313 76960
90803 64084
37944 69784
23339 74548
49466 31832
79661 36260
57492 76836
65787 11948
50303 15908
40396 72524
62035 64960
44020 73096
38172 70216
74573 29276
47408 10148
80434 51676
81651 6684
41348 30676
24053 18292
15232 11664
56816 78620
47514 91632
3595 60440
14947 67360
57574 65680
89717 91468
84361 28776
17328 52992
33055 78732
58053 85688
99792 64476
22105 73052
69937 95464
95311 47896
86269 51552
55869 68496
64681 37328
90916 24708
97941 50332
88071 5460
16462 18264
67216 37076
66474 69176
71178 41208
84889 2316
35705 64732
44409 35056
70288 4164
62936 63848
90200 86152
47554 44856
76152 90500
37997 50352
49053 51848
63272 56540
76346 932
84926 57728
27889 14976
52143 67008
29572 8632
72773 412
47370 73560
52724 14072
75041 84872
39879 54740
33207 40244
96426 61464
45352 96208
66459 94352
3538 11164
12913 13572
30356 87492
22383 81724
62181 65912
72088 60964
20963 83568
93988 11068
78230 72396
31637 65336
70414 98492
77720 49564
66889 52604
91894 80604
92221 46076
41189 46636
91976 9164
81459 10372
46337 42992
33437 51276
40502 55104
88981 12852
50628 9264
60365 6428
39055 92072
74831 63092
97685 86520
74593 17540
79312 63756
377 26748
39731 39256
22469 96228
77022 76748
80763 85384
49117 2532
34011 20740
89602 46892
35217 5384
93438 37536
64146 59116
85704 54280
1479 5896
47920 55700
46898 74668
49506 73428
30592 69360
70167 93332
54475 33052
22072 26400
57693 336
54093 36668
6610 55076
50736 20648
20029 39284
32229 90804
39296 53892
9821 93448
141 93040
15930 19720
94845 71296
70670 94252
61231 45528
18432 40664
20444 3004
12058 56788
59981 50292
63484 8604
96406 25596
14216 51540
87917 87752
29777 11284
24786 75912
34711 32820
46496 49480
87316 73940
39908 45400
68168 63252
20082 3800
9830 61500
14512 12628
46765 59652
70626 53768
21930 56748
90978 76176
91890 46876
70500 86256
5223 484
66686 48852
98184 72464
58773 22868
34616 46452
21659 8288
6128 72316
21716 71416
49941 98944
38651 34136
54228 61680
15177 78528
33415 45772
64999 46404
65710 31888
7239 69040
98818 28388
9041 6228
94642 47816
90300 18952
62424 78340
80876 36852
80507 12788
88798 87496
38397 61348
88672 64476
66706 13952
43737 13492
33967 15636
52525 19156
83829 24628
41690 53380
27889 56096
6711 44080
49884 29856
98668 20212
65723 12780
62289 42248
15848 22280
48340 84748
37626 93116
78820 23372
41909 44540
59588 16744
32955 76568
98679 60000
22818 42436
66757 8264
58963 32932
25791 52880
38934 3916
66706 80672
95525 18708
25495 26752
2811 62880
79513 6228
18021 48408
51551 51708
82857 40972
31820 24632
60889 96548
84330 86640
90993 67044
44983 94056
7301 74148
67954 63412
23980 68828
46882 77556
430 62812
44473 13968
2076 22432
86978 30624
2257 99480
25932 63868
34764 42232
20221 17300
49751 23184
66790 63644
18626 65856
81293 92444
3076 52748
11568 56468
50891 80836
40844 21760
19355 60004
11720 54448
95775 12920
82806 14972
72574 11404
39380 61948
33640 63616
78813 25672
896 29928
45663 87548
84794 91348
19362 90024
5053 99068
63044 41832
76558 51048
37191 25000
64378 78356
78864 88668
15601 15060
1075 37808
88120 70588
57691 64268
33231 89916
89686 8892
75160 87984
97080 4896
17787 56732
31303 85104
41507 91836
9708 72744
93184 1264
49760 66448
45513 34248
74533 57668
7080 64516
55279 50744
88067 10040
54413 85456
9335 60108
46308 66076
58824 94652
33002 6800
50299 50848
55668 3364
48678 33664
80105 7432
21875 66104
82654 14860
45515 67860
3798 80756
55270 96324
15711 15656
19552 31336
62393 87088
83060 42496
32845 35452
10826 44732
79436 45104
64069 79780
83557 46964
8458 18196
90978 15840
42739 4832
79211 83900
37876 10740
55456 33716
59566 47700
8138 43752
99054 28784
1908 96324
35020 31140
47671 6540
70728 3292
29391 92980
89977 74004
89569 98456
96539 5256
541 68644
29846 2048
62353 59196
72881 8792
2018 8388
20272 90724
18189 53780
16897 94108
55681 23100
22628 30792
28395 34188
51253 22260
38375 14888
46067 85328
76993 81296
366 87064
47335 15040
65374 22572
80240 80644
4896 39204
30557 6620
4145 90548
83904 288
60321 45296
7893 89068
90461 14852
85496 78488
72753 34724
18132 49132
33980 54208
15389 68272
59025 69336
67391 15940
59698 66256
78665 46320
37655 49516
25689 77124
40511 98676
30442 14388
10954 79712
87912 38992
94202 69540
37715 66904
98085 42676
60301 28448
66379 56048
47324 8988
13494 92908
46147 10860
41330 21600
21376 43632
96285 40512
10702 47216
84284 70240
4633 54648
9737 30428
81510 55652
21447 74064
42176 16316
45787 5692
71587 39584
8635 46388
89087 37276
8328 13476
58828 17668
43090 20480
72817 92464
65562 27584
54407 87416
52947 36084
36374 91264
18920 40616
54270 43408
15700 16196
53583 88680
49393 42128
55902 76236
20230 28568
26690 37484
10044 17600
68605 14796
33194 97036
29636 75052
37975 17240
44133 19700
47580 96980
2164 39676
33145 75372
38441 41996
35402 42828
13591 91448
46518 35240
76457 15724
54524 25980
67300 11804
40756 84488
62976 46260
15307 76352
75096 72324
44466 17828
60880 49248
35884 56132
61233 20316
85423 79504
60111 3204
49932 25412
23465 21404
86026 82724
32209 86236
41359 99092
91890 5544
55054 28888
78930 80896
38351 42548
4121 66196
65681 81580
76256 76952
34269 40800
94986 19028
30727 33192
73747 44320
15749 48136
23136 24664
76377 91432
15786 59836
1541 39400
2840 69172
45897 22796
95611 10316
59608 22008
22761 62980
3491 31248
24704 58564
46741 4084
71695 13200
96603 31140
69394 78260
819 6048
26142 2116
2824 27080
13739 31028
18361 30884
37461 16440
96813 8728
37770 47208
12842 22532
82446 1464
84624 74064
75940 43168
60555 63308
12043 65380
8953 3592
13708 57140
97822 15444
25689 56748
51050 2076
62110 96924
76187 48468
7091 40904
6230 4572
48340 77844
90819 16312
56613 91812
16420 60632
70050 69688
60507 50996
13635 9912
34943 16080
84244 84112
27940 17096
40221 14832
4494 75008
69668 42684
46551 57852
54031 13104
31668 94228
64261 31952
32772 56872
26025 11980
79140 81864
50736 29184
4697 85940
92115 91068
74467 44572
77243 46036
2983 20340
47960 56908
9739 52856
84644 13696
87813 35428
84496 30700
7860 10072
16312 39656
95598 77872
13995 62452
26374 43448
25051 25880
48598 68516
50246 82192
79701 86792
99761 80724
66273 71588
24024 48164
79078 51336
45224 11740
25122 61048
22140 80936
87113 28792
84595 55984
64780 92260
96247 55760
43768 50532
66114 63284
79416 45452
67461 88768
20647 20260
52861 14036
4116 74580
68685 52480
57364 45196
4545 17032
94229 44144
60604 640
64407 42020
22191 45888
74774 5888
97853 27300
21133 10272
10563 76192
58093 87784
24172 83736
99531 24084
73016 87720
44424 46556
59389 90384
34934 51704
30126 66012
97758 92420
32500 80824
62894 40932
4163 68332
98968 66536
47896 28352
24989 87156
36339 98516
59740 10344
22030 97964
60683 37168
90706 22380
26383 14768
18626 73352
2807 69204
70149 55768
25245 43244
53687 93060
34318 18544
30069 27268
25603 48076
83385 20544
12593 34232
26725 77584
71006 42576
5320 39136
63261 84512
26935 38764
83290 50692
25265 78700
46023 82900
28348 4632
35910 37276
86110 71784
72676 25372
97274 16320
74149 22052
45760 45560
31255 8096
54707 12692
44561 43672
53426 42056
56728 72956
65290 69840
1318 83132
31297 99712
9302 48348
74871 88440
90134 3908
78528 23060
27814 55900
83153 7632
55460 7892
76936 12540
9077 54500
8474 19276
55043 15436
12308 31196
60573 66756
21820 27012
59930 20944
65635 52788
34532 22860
36323 51076
45407 29608
53307 63132
47262 19304
31716 95956
8251 82864
47770 62848
46902 11844
21570 44992
12054 44744
31853 20444
67194 54220
12928 22080
22774 20616
75231 65788
54422 76992
81128 23884
15559 80980
29709 15020
17171 20812
38989 44008
41142 81648
29678 88880
36394 40032
69778 44360
81536 22184
52898 24592
66925 45412
69999 61024
57470 14600
90589 67644
57278 73948
71938 78008
28757 50384
69462 73884
79774 75240
71200 63244
43234 27320
98255 22572
45926 74592
98999 33228
88937 93124
6546 70060
40237 16492
21877 59832
98343 83064
94708 98832
81026 52220
10077 13320
59162 50064
42472 75276
16009 15920
30102 42444
86709 42160
71814 68600
65096 21404
31745 67160
5015 93960
17966 28596
58170 1120
35910 81272
56200 64268
30365 23028
47046 54184
25080 91200
12500 73764
67057 9184
87102 68328
97259 27892
83197 39392
86371 20112
15978 43680
18655 96748
22412 63100
13222 16940
37584 90456
25221 88760
45988 75592
30435 37412
80600 68396
2855 16988
33609 57492
49170 37056
62064 46500
27867 55712
6813 12208
34057 37292
41619 62384
94346 1660
86046 20368
1930 23544
3136 90520
21199 22784
59873 1020
98116 22448
91141 70272
44040 29700
85063 40716
84862 27964
17535 77464
87769 49908
49725 1600
45849 4972
27655 46620
39210 37620
45743 94152
80573 57848
86764 76068
14616 63380
66503 45700
19894 57292
16546 40476
56677 59808
68800 87212
12902 20228
6895 68128
61578 85520
91433 50740
26067 95868
22518 85120
6599 88316
17098 50252
36668 76580
84138 90164
93451 30120
28236 61552
38161 83452
64034 148
94763 81240
49296 29572
75902 73156
32712 17796
44722 47680
77890 93660
59047 76788
85836 70668
95472 26596
27244 74184
96031 14564
63585 53456
40290 93444
98310 46848
10422 92700
66269 44952
44073 50616
98513 81468
96994 39980
2067 12548
6009 88980
31447 41552
33472 25916
85286 97720
71706 70556
34879 55260
2853 98764
84085 96776
65162 89712
96099 3404
43110 39076
84171 46176
8564 80696
96857 99088
55089 74584
77607 75284
76914 42064
95907 38260
63095 78000
57971 52016
32536 5660
72437 47016
43371 23936
98807 86580
79986 37808
14629 13004
87954 71056
86625 1036
68804 96376
42218 97740
2568 2732
61200 60188
76373 16396
40776 96360
52103 28264
66103 95864
10859 29004
35005 66532
8421 86600
64833 68868
89920 90628
74924 36888
43201 55296
32653 26376
47821 89500
71682 1464
99222 48712
34654 13756
24276 82004
97846 97160
29837 59732
17714 47196
98871 72032
52951 82512
23770 16172
54325 37864
63473 79756
57598 80520
41597 57144
79045 20964
79458 23880
36840 26868
47728 50820
42741 95644
61441 53988
6815 81088
29817 2288
28549 47660
31312 88880
74895 13588
57819 86808
12438 85292
764 15044
20148 15204
68983 69320
4068 29580
81620 28828
35025 99460
20066 76684
69202 45556
26745 92696
32465 57220
287 37872
70118 74444
36341 49908
70993 64660
65920 75352
92040 7012
2950 18228
7151 91960
53234 74044
62446 88120
86510 91412
12447 8376
20252 99176
53596 95256
73195 47888
19711 98940
93502 31028
29179 19428
60719 35316
12394 87400
69749 90788
91987 18260
47883 33904
74122 75132
47379 16652
17204 65128
58678 44368
37284 93872
73709 45772
60370 8044
86313 14656
14293 29728
70063 12140
65147 43228
79502 32252
29333 14812
91709 36024
36076 60536
90163 40764
8825 65888
56942 4580
52172 6480
49146 30104
92051 24508
79498 50304
72671 17152
3637 37252
97263 46480
94414 18116
28342 26424
27129 11404
18750 26168
289 36832
386 55052
43773 51596
37452 52000
74398 64972
35592 4148
27370 86572
43112 99116
75231 97036
35820 9392
32571 81340
71461 87676
66434 40468
31796 54676
73449 16708
98953 47428
50456 8652
72192 80436
58106 84008
35756 58316
14229 53792
4995 85560
63844 68964
26431 41340
16559 32584
96358 63888
67980 59532
23240 78316
45612 38080
96506 65692
34170 75640
75582 3840
5744 38384
91956 63624
59334 21360
90260 544
87561 23484
74705 4408
67470 5636
61821 11564
98116 35704
95046 95304
81256 7048
18750 2604
43932 49892
13231 60300
66819 580
86022 57560
60566 45488
17882 29052
19152 71496
40279 96320
48406 60248
87722 15804
10417 90444
744 5372
49623 1288
7615 75804
20539 58224
97961 8968
91470 25192
80191 70444
99209 79880
16619 66876
56105 29480
60288 27168
92981 43160
36467 29456
96221 77740
94759 10568
96296 73888
16462 76188
77903 98496
69193 65692
93100 43108
94721 5292
84657 29068
24534 54164
18536 47896
92747 99752
33587 35036
44992 83876
64873 88300
6128 27568
34978 22008
53978 89704
64716 97336
96658 65488
90242 87688
26524 69240
24980 30780
19192 19428
48530 49724
35952 67000
57267 96236
51138 15944
73389 5776
70469 95516
12467 10320
35652 97812
48497 41200
52397 54096
14333 23736
12948 80932
33077 94896
51125 70432
35639 85780
92959 27112
46624 64864
15585 34928
46012 93832
87358 29056
8551 98824
91475 38056
31752 77872
37101 5436
76713 28876
1795 28344
89326 20604
3065 21124
60171 17948
87590 88624
21537 38484
90567 6260
2336 97352
6826 37084
5084 58608
8900 48824
41500 83268
94642 78412
29952 64848
5565 40940
50343 55160
83809 28248
32017 67592
19247 53064
16321 43920
78449 35736
3893 8856
80019 25480
74078 59636
88122 78700
11570 20456
92689 22060
17465 86720
43342 42700
25274 74728
75330 41680
69659 52528
70549 6428
8719 45000
70240 3292
67479 31768
21829 36764
60047 96660
13167 68412
21462 87028
80509 11272
97972 43364
75324 28312
85602 15736
25972 43644
19819 35896
91872 91280
18737 7976
31809 46536
56463 89184
79127 84532
94489 50544
40882 62968
51401 34728
46003 27428
38947 4592
16051 54948
29307 40564
45829 37988
92731 67484
607 8744
61211 8704
94209 72820
33896 35704
79067 58404
71231 92976
35444 2748
47834 93780
4664 63108
94657 26760
66768 53936
80938 4428
72380 44820
98467 24404
11396 12272
72455 5476
33119 52192
70454 69728
15806 2116
80176 79580
56445 75748
94960 9688
77868 20644
54835 73868
89860 96212
52808 88592
29640 41776
92106 6176
87029 91184
92603 54096
97354 27212
55926 8772
52428 69424
31303 96276
25272 41336
34163 19356
42951 67740
66962 58048
11349 81228
78164 74660
25857 56848
68658 92452
76225 66036
4589 28252
97961 8472
82508 11712
9165 45460
65078 57504
98566 98312
59555 77540
97668
10818 39
1501 3054
6535 5483
7919 6461
4998 3020
4800 8010
9842 3861
6731 1741
8321 8197
10517 7383
4314 8480
3559 9799
5150 10300
1303 2635
7793 9810
6902 4840
273 1300
2807 8642
3888 6572
1868 1119
1267 1908
4914 9696
4809 338
3054 6279
7891 3738
4600 9115
6406 3267
742 393
4315 1564
7081 1915
7161 743
9506 8648
6076 4066
2413 246
1300 3183
6919 7007
7298 2776
3048 7234
5050 10203
3232 4650
6654
34420 976
10828 28493
10955 30302
11979 5087
3707 10479
34075 15554
24405 1826
3010 19897
9496 2594
29038 15369
13391 10181
9962 14122
7239 882
6445 1096
27857 28473
6996 31214
34266 17577
17561 12058
5402 4301
20606 11802
12042 33441
13222 3493
20102 24149
18467 23027
33041 15473
18238 61
16789 30435
17419 27250
25217 14826
1609 28655
33330 27349
30542 4573
2127 5493
32034 28013
26020 14836
7083 14445
24412 4812
29789 1242
936 3445
15863 5732
1525 28975
24188 13263
27466 2240
4643 13345
23776 30254
22717 5348
25671 11097
22389 12035
20101 25550
9799 15875
13598 24009
25775 14433
19828 21929
17828 4169
26807 26431
13449 26335
1897 28757
8747 4382
8821 3776
20546 28098
20442 12057
27659 25860
29323 17049
26252 218
433 31836
19863 845
27195 6784
13563 23383
13406 2960
31224 12375
3958 3041
32597 10903
22716 23720
3378 1315
33219 22822
24221 33621
10201 847
8615 33210
25343 22301
6739 29203
11437 2858
27713 8085
17346 7863
7082 14891
7415 29494
452 7866
8917 28978
8049 33387
26434 5426
7540 17461
1774 19063
26582 29453
27081 18865
2252 18742
16940 17613
17500 2597
9525 10384
12091 27638
8490 34167
11793 8349
33473 34116
16997 16058
16444 7456
29883 32401
14797 1449
10490 27503
38 12235
24322 33186
24692 17877
362 15376
19393 12038
12043 22677
31832 12917
7190 9799
5652 28268
5424 11696
21619 9569
31214 26073
16432 27458
11670 3948
18900 25621
8110 22966
11154 18714
20570 3770
22710 30285
8370 30084
21559 23378
22721 9337
13536 27800
8443 91
5281 32641
6560 8650
13217 6118
31189 15544
11233 18724
29073 23073
12625 16670
2907 3848
23968 24948
8442 10680
18912 4732
13850 13582
530 6261
20500 17071
8274 14669
21990 25942
18833 4275
30529 19697
30406 25492
21578 20704
7242 28437
16436 29484
15904 28238
698 3870
17983 27309
28667 11613
29460 30311
21839 28322
27318 22555
20003 28447
26749 26421
12022 6706
14893 21199
2588 6165
1143 25513
28067 29899
26754 31578
7090 23875
33526 13986
287 17521
2114 5525
18643 2209
6547 1899
19775 2630
26801 6884
25462 33295
8939 6944
4685 12523
14789 33682
26787 17452
26155 30696
24070 27982
367 28758
7400 9946
33083 20320
24056 8427
31 16915
1369 29550
557 9722
32575 27211
28615 13737
31096 18361
19911 28324
29435 9199
28084 21879
14735 22661
18921 12764
13976 15330
1425 17228
12825 17303
19165 23171
18658 10192
27206 12691
27441 14925
1220 31257
9679 9176
5246 30832
16651 31893
12830 22298
25720 13660
20451 31943
21520 23407
17883 10649
12240 14077
29169 4163
21945 27772
7098 27145
12969 15354
10603 16884
9451 31247
10147 25610
27116 4215
6273 28068
2982 25622
31655 6011
32805 26055
17955 10741
16619 30989
8478 1979
1954 2869
32446 1231
33272 14148
11218 18993
18907 30355
9861 7891
14686 11836
30255 5296
19785 16534
3983 6921
7435 21150
22596 29396
27738 19783
10546 10474
3610 20376
1284 17791
28417 32752
30440 28849
20900 21590
18987 25591
6315 21603
24028 24676
94 19840
24968 25305
12205 11107
16650 33833
16182 17176
11693 11724
21857 32274
34035 14079
6271 10642
29346 28993
29326 26077
6220 14611
14185 22815
23633 21539
10432 28708
25982 3320
1594 9122
7327 14078
31564 25967
2209 20918
28839 34049
34067 8317
2145 1912
5123 31441
7135 9924
13166 16453
21927 11500
13192 27772
3786 14024
15608 23396
4280 4716
21328 1460
33876 7672
19344 27222
18998 8470
26542 15130
31190 22685
33205 13193
34241 29460
25075 29749
29592 15422
26767 33679
15938 9126
16506 30964
11274 14902
29118 32804
22836 10296
23922 12384
26019 16321
11649 20879
19027 12277
2641 6411
5121 11208
33065 27249
32709 31428
6826 7253
4024 26167
28188 20398
7434 13112
14039 5112
10345 8288
26751 27603
17951 31662
18135 4367
30313 14760
11902 1003
23899 31196
6512 58
5122 583
14797 33011
4281 9494
9498 6032
32598 20566
29167 30735
9312 24770
5163 363
25749 16870
3885 7630
6872 7943
17498 32819
2473 32732
8270 22701
1507 28172
15582 31770
32833 18856
12105 19225
11014 20196
14669 25469
10887 18709
930 6066
27456 32748
4257 19912
2362 17978
9345 7932
6589 6885
26451 3078
25633 28054
28214 11593
6049 9044
33249 11908
21751 5925
12696 8743
607 4145
22491 18138
16572 33346
12894 32473
8974 262
17250 11776
26884 12426
20590 16195
16493 17666
27220 31501
27581 3823
31911 8213
11786 13374
33552 29924
25395 1867
1501 22268
10631 17801
21099 28663
24003 18069
12629 18044
17618 5202
23901 24391
2752 16143
3251 17956
22332 30600
27361 3422
32544 28378
4679 11753
20765 20355
15482 10596
31563 14685
31303 1659
33141 13806
17076 31888
27478 10943
30724 2289
6990 13128
12220 32816
15763 15406
31095 14659
33432 12475
29169 15194
12540 9844
16515 11919
10426 21766
14839 9429
320 27645
21433 16457
8813 178
25256 18012
32191 25812
31251 24260
2844 11357
16456 22034
31304 12123
17413 18883
14244 3654
5454 22126
15117 7454
7920 27751
30361 12428
9506 30863
4997 8820
20267 13910
1723 6176
4090 24001
28863 34243
27899 200
3012 8161
10908 32823
10486 26914
4793 3699
11694 18552
33784 31725
1960 18059
3433 10895
23453 9435
10734 10733
2082 10240
9023 13906
218 25940
19461 18875
25100 15065
7998 16824
22148 2888
8591 29646
4229 22416
19535 17240
6924 14153
3775 17973
27111 19204
12198 15945
24753 20155
2963 28369
9188 28890
11528 20384
9467 28178
8712 24368
7920 30262
5180 1711
20086 23694
3747 3628
32279 456
21033 25198
12051 25272
30532 15419
6860 1715
9855 13736
21500 26008
10631 25511
33915 8028
8801 11575
27626 32345
13051 10633
15773 22989
34241 33681
17974 9376
15948 28400
27752 12913
28632 25537
14837 22099
31137 33599
29282 33038
11979 25574
10747 21000
24609 26405
14701 13403
16947 6351
28496 9493
4043 13305
353 19556
28666 28162
33514 780
14887 5725
20203 10234
18228 32787
19614 12287
16466 9847
20602 26567
21676 22911
27278 15463
7050 21113
6691 30469
33487 9469
20168 136
22697 30754
27513 26967
23320 1696
11868 21173
6425 6111
28281 17652
22479 24908
3811 16591
16610 32043
9988 21927
12504 11821
2483 11178
20783 22905
9632 7175
23205 33081
24114 27209
1750 21878
7634 2096
26961 8528
15094 7401
28131 1296
2366 1242
13641 4279
9360 33558
25545 21773
33296 22413
31736 4082
29014 5115
20365 27232
9439 23648
27789 22088
23939 21795
19874 7317
12170 7427
18799 31912
5045 24927
26770 24903
12093 32689
3264 32119
12661 22876
21022 16748
23051 19867
8239 6385
10208 32223
20367 18848
29947 5447
860 20599
6306 18860
9481 238
23523 20234
14149 23963
12411 23287
29767 6870
27722 21773
11212 26217
17648 12004
23716 9045
31674 25359
12544 23788
719 12040
33025 11877
25188 27190
21895 13841
33597 4967
28009 102
27342 28650
26443 34313
8854 6218
389 33914
5418 26817
21045 19276
3900 33650
4423 15855
4814 25222
14496 45
17082 29564
14192 59
18609 22211
13084 12635
5903 31885
31254 12697
32665 9355
18656 7698
7334 4645
23740 2685
28639 29446
24763 33481
22896 7017
28111 17104
19106 21420
22341 31326
30568 33904
6759 17366
29507 21601
5005 4000
26395 24594
21892 13883
529 31871
10777 33560
10357 8427
18522 22170
11218 13632
12483 12173
29729 31886
16803 28035
30134 33970
15670 15472
23155 14570
24258 10966
29178 26799
29668 21027
29449 20842
13398 31718
15434 3299
3 23347
9586 17587
3987 13123
8812 21252
27128 13607
10215 22467
24945 33963
10115 15878
9286 32905
13659 14169
30594 2680
12307 7829
14189 8935
31538 19145
28391 17802
17120 21557
1916 4223
17462 34015
4449 8310
31499 13888
24195 34218
32519 22905
25735 16843
4248 367
33829 34417
28414 13621
28136 32622
32156 16838
324 2607
21339 3521
32214 27378
17668 10549
6758 26453
32142 9292
29016 27450
10502 11027
25499 30131
2515 10227
28035 10828
32421 17060
28305 15840
13817 28371
28397 19824
17873 18341
31765 8725
32783 27966
5469 4667
14686 7126
2247 22924
7160 14072
1729 15122
24605 15788
3039 12198
19212 14557
25753 33427
15399 32682
8876 19737
16082 12693
26791 9789
25899 8190
19141 28884
30061 33487
19752 18670
19867 8212
1883 7016
22639 7195
20481 18746
3876 34296
33761 24059
22643 30900
6643 29947
3914 21220
30998 4396
22647 11460
17038 31376
5136 31773
22646 16000
18284 25122
21045 32940
27242 2216
20850 20784
28536 33185
15870 31080
30278 30399
13226 21482
28560 22366
15536 32314
10894 12732
7371 17769
17252 12773
1109 14674
11889 2738
18237 1791
10081 20495
32171 23376
13180 5946
17119 2046
18402 1924
23504 1670
23672 17997
24811 11222
18037 5019
15763 12361
21282 23401
27673 24049
4026 21575
20332 2959
32660 29806
7012 27204
30569 32419
8858 14478
9312 7733
22376 10355
20845 30956
24904 27670
10303 29043
4929 32306
13068 23358
20724 21203
23520 26474
197 16763
4309 11946
14267 9579
19462 4235
19418 18230
30029 30735
4836 9187
15969 32160
25499 19083
32469 29426
14302 604
2195 7342
15849 31633
8103 2215
307 1641
12486 2976
14422 21710
21842 6291
30799 31238
17306 34009
21933 3665
33442 1610
26756 16255
19261 10747
5834 30277
2066 27243
27709 10247
1107 5906
31521 7089
3965 24029
22402 5923
10655 33595
12863 11754
32570 11858
19360 5722
19120 22417
13573 6043
24355 25923
31642 31903
1789 22898
20902 386
12414 15084
27926 4814
1974 10736
14067 2116
22507 20891
11954 17835
29596 32858
4994 18599
2236 23747
27636 17250
17764 16376
15306 28725
10660 28774
5037 18311
11487 55
1276 6204
4520 31149
26541 32423
29876 18033
19592 2449
12401 32229
22501 29769
26121 33670
29638 7873
23172 14707
31758 17366
5778 22360
32705 18683
27142 20947
16974 24794
6470 24625
14223 18597
9011 17157
2857 21801
3121 13061
23405 31526
5309 31671
26722 5507
24923 10294
6319 4560
8970 30546
13560 5699
27134 34072
27642 11235
25975 22215
11620 15181
20131 22541
14467 20741
25403 5799
30349 13171
33089 34217
12444 24913
28554 23630
12303 24956
33926 25063
31539 9183
13964 17367
14627 17052
15465 31340
5491 22669
10576 7688
16991 31551
13764 19915
30447 32340
28605 20842
11882 18519
6846 14210
23264 19806
13714 23930
34078 23382
33069 25078
21308 9841
30397 6957
33295 17766
11040 28926
3523 16997
11896 26051
4594 25582
17185 2416
16688 29191
28068 3745
17165 23643
6952 33633
1427 4865
32468 15110
3936 17239
22491 24889
6276 8190
25905 18439
17632 26896
5234 1149
12634 3787
8866 4631
22388 31974
15009 29324
8186 28534
15392 15556
24462 7241
16844 24458
20899 10566
1853 7485
31075 11768
9660 5281
19029 27883
2666 30386
10519 25716
13830 1370
7684 11595
11140 17428
27528 26509
19196 16729
10389 28436
34061 31561
20288 17233
22313 23751
12890 26702
24392 25274
6150 16703
7839 27256
7023 8298
31317 14138
4191 20614
17870 24308
20547 8848
28493 25453
16400 18452
4028 23833
23673 26133
13453 17320
20318 11138
6534 9936
30258 2756
23616 31525
10495 3997
6766 31669
33499 16495
17267 17032
6783 7281
25352 18808
1534 30666
18428 28355
31629 19139
25821 33140
18866 3944
10176 2940
7553 8360
3095 27195
447 3927
8720 28067
6723 5654
22883 31739
7978 6269
16864 33889
23843 24578
20497 648
23497 20041
529 3432
14072 9978
3139 13795
26358 16312
32385 27001
27682 24943
28437 19453
24049 19508
29819 11116
17198 191
24631 23801
30471 24676
3845 12961
4536 33733
7726 29711
8757 30766
10950 26950
12785 28831
8989 29691
23534 3899
15695 24122
29086 7151
23461 12758
7400 11909
16807 11929
11090 7461
21560 6537
10300 23047
10072 9321
29809 11329
4652 26287
19003 32875
10368 19912
22989 15306
2850 22152
33829 22281
29959 27374
22834 6582
21425 1084
9590 24692
2069 4991
23950 24654
8747 2113
9415 14491
26099 25526
27593 1853
5363 2476
31813 4599
10476